model.0.weight
0.14556119 0.11214554 0.13894226 0.17107694 -0.06067381 -0.036280885 -0.15326217 -0.14259623 0.058805224 -0.06806001 0.17120244 -0.19758633 -0.10144559 0.104810506 -0.17496109 -0.011390387 0.104991235 -0.102096215 -0.09455614 -0.02112854 0.12498858 -0.19358365 0.023443656 -0.09654263 0.055324953 -0.14314064 -0.14817365 0.12299566 0.19847 0.061508413 -0.0050931633 0.2592103 0.11218938 0.2000929 0.05689756 0.10093962 0.22893551 0.2985727 0.22919427 0.03784233 0.05472595 0.14403163 0.19759788 0.030271504 0.22380005 0.14392261 0.26677006 0.21007283 0.23214963 0.2094447 0.11791855 0.058658257 0.040264048 0.07408343 -0.0733978 -0.19486819 -0.14477713 -0.13792263 -0.0183568 -0.16559699 0.047532927 -0.034886178 0.053037208 -0.22899707 -0.19387512 -0.02562453 -0.117718995 -0.16827872 0.044503257 0.09945907 0.023511961 0.031758755 -0.13736601 0.05991753 -0.081452005 -0.1319225 -0.22299848 0.045005906 -0.013145502 0.074767895 -0.14777492 0.31939054 0.33706114 0.029460974 0.06890509 0.23051879 0.23594357 0.1402017 0.2271204 0.29954854 0.28018272 0.11025689 0.07675265 0.25760216 0.056910157 0.12566066 0.110157296 0.2731332 0.0825149 0.30340812 0.05417686 0.1267816 0.05001791 0.10664739 0.2887373 0.14467813 0.043902084 0.21744813

model.0.bias
-0.031345375 -0.13867632 0.6972415 -0.056168135

model.4.weight
-0.23124705 -0.36551964 -0.3734947 0.5812982 -0.3303615 -0.92871565 0.75524837 -0.8271816 0.34655848 0.19450925 -0.07997745 0.30377224

model.4.bias
-0.51735055 1.138281 -0.8071307

