model.0.weight
0.1784329 -0.0118249785 -0.10479772 0.13463692 0.05133046 -0.10352221 -0.19263954 -0.05155514 0.10473398 -0.13967115 0.13502704 0.032356184 -0.097871795 0.121232614 -0.14821346 0.18134896 0.041138873 -0.105775535 -0.123770975 0.10808324 -0.13444465 0.058742568 -0.087446325 -0.055733945 -0.11412135 -0.06672509 0.053658806 0.1363192 0.059528783 0.17370248 -0.10685466 0.19633363 0.13296987 0.15525837 -0.10255324 -0.03200187 -0.116201974 0.17435385 -0.030897731 0.05713135 0.043771807 0.10524162 0.20570584 0.1750822 0.064519204 -0.17006293 -0.10471771 0.04778001 0.11141503 -0.04657255 0.15919264 -0.03925747 0.025369328 0.08642154 -0.3283674 -0.10608017 -0.21388167 -0.026438033 -0.08387354 -0.04159765 -0.22140852 0.040282328 0.05909764 -0.33011377 -0.2872706 -0.21068287 -0.35768902 -0.033805862 -0.32323012 -0.31124812 -0.10157897 -0.1806325 -0.3492193 -0.27056473 -0.28168133 -0.19297202 -0.077334136 -0.2304479 -0.17542826 -0.25302422 0.021625422 0.43044 0.15069428 0.42782778 0.39784598 0.21075812 0.12302581 0.16576426 0.1062256 0.44226778 0.17389794 0.42905238 0.11524363 0.34303954 0.3924285 0.16978857 0.19154269 0.19941682 0.150173 0.14668585 0.21057752 0.38155055 0.23722078 0.46366072 0.34496263 0.409305 0.13020791 0.33694056

model.0.bias
-0.007257958 -0.50953543 1.9213969 -0.18979886

model.4.weight
0.4729724 -0.42723557 -0.86845475 0.14744858 -0.26400036 0.2708601 1.9943804 -1.3420755 -0.4494277 0.5005079 -0.41475335 0.63383156

model.4.bias
0.014808899 0.6423577 -1.5198323

