model.0.weight
0.161997 0.050160 0.017072 0.152857 -0.004672 -0.069902 -0.172951 -0.097076 0.081770 -0.103866 0.153115 -0.082615 -0.099659 0.113022 -0.161587 0.084979 0.073065 -0.103936 -0.109164 0.043477 -0.004728 -0.067421 -0.032001 -0.076138 -0.029398 -0.104933 -0.047257 0.129658 0.128999 0.117606 -0.055974 0.227772 0.122580 0.177676 -0.022828 0.034469 0.056367 0.236463 0.099148 0.047487 0.049249 0.124637 0.201652 0.102677 0.144160 -0.013070 0.081026 0.128927 0.171782 0.081436 0.138556 0.009700 0.032817 0.080253 -0.200883 -0.150474 -0.179330 -0.082180 -0.051115 -0.103597 -0.086938 0.002698 0.056067 -0.279556 -0.240573 -0.118154 -0.237704 -0.101042 -0.139364 -0.105895 -0.039034 -0.074437 -0.243293 -0.105324 -0.181567 -0.162447 -0.150166 -0.092721 -0.094287 -0.089128 -0.063075 0.374916 0.243878 0.228645 0.233376 0.220639 0.179485 0.152983 0.166673 0.370908 0.227040 0.269655 0.095998 0.300321 0.224669 0.147725 0.150850 0.236275 0.116344 0.225047 0.132377 0.254166 0.143619 0.285154 0.316850 0.276992 0.087055 0.277195

model.0.bias
-0.019302 -0.324106 1.309320 -0.122984

model.4.weight
0.120863 -0.396378 -0.620975 0.364374 -0.297181 -0.328928 1.374815 -1.084629 -0.051435 0.347509 -0.247366 0.468802

model.4.bias
-0.251271 0.890320 -1.163482

